1
0
2
1000
0.001
-60.0
1.0
1.0
1.0
100.0E-9
145.0E-9 1.15
92.8E-9 1.50
1
2
-8.963445103750777e+01
7.105397449020695e-04
9.946504353216662e-01
9.962657808847784e-01
2.868249633843762e-06
9.998105519663870e-01
9.089429460047890e-04
9.947852806478870e-01
1.138644173256792e-04
4.714168854824534e-03
2.364159654147964e-02
1.109109326392326e-02
9.999778383424681e-01
1.047966581592157e+01
1.386024816628250e+02
8.597479251190587e-05
1.494757002778619e+00
1.023371969414364e+00
1.399999691795046e+02
4.429303133630938e+00
1.837189990971498e+00
3.883778535955542e-03
1
0
0.1
1
400
0
0
0
0
0
1
0
0
100 600 100 600
-100 60 -0.1 1.1
30 0.3 1 1
1 1
1
-sony-fixed-medium-r-normal--24-170-100-100-c-120-iso8859-1
-212 -460 -40 -288
1
